$ANSIBLE_VAULT;1.1;AES256
32323233363163623838373466366133353630633739376337623563626262386432363034366232
6265326534333530353561626335333734313933366330350a646163633765623561313034663262
61653066343866326336363435343063616361316439633236396431346638303261376630326430
3131303838333565320a333564306236356630366131353336393331363135353835336163363234
32616266653038306466666535316139363030623332333138386366633633373032376461363137
64646364633265373661396562646664653635616137343564303332386539366563623961386165
32346565653935383465643861633836663066373638333232363833653565316163393761343638
37313639323231353438613434313163313031336136623762653539623435333165663239633065
37396162353465383264623238333931366563346261633861666264336539393963346530623534
61616631313762353931346138316631396131323934346236363566366165316262616330663232
65636237336363626539303333303637363538303165313538376166326636343562376530313564
35666634313665623366366166633763396330316333623635306336656561393837306439663630
35633561343065363439663339306262653761366666653961633561343763656266616132313030
35393333663633616664316533336534636461373734356666626365356431393963616433633363
64623033656630383631323566323961343362633561623235613365646264343137663366323034
34353030336231666263623335313066393631313232343037363634623632636565376231346436
33363063336236653532333233633263343830646264373234323930376631383133653563626632
33336339653962653033343936323632333036613233356264383461363033356534653466303436
31613731393535336431353238363132616163653465626535306263366536663832353732316438
33313939333839663537313262333632303937373464363539303231303434613266316433306461
32343331356465346232306566386238333338356634336462616265323437656631633864643036
32353662333830316237626631633035313735353137356531353466323764393532636633643266
38613238333664323065396234636133616665303365393662663262623861613236636338623166
63356664633265633033663433663839376161616538353031346161333865623937623932303863
33646433616361313666333230313832663166653036306566356534636166363633303061396433
30306364613462633333333334656462373035633163393361666361363138323034303838616432
62353131663931333933633665656365313130353139303933633630376530303030613662613461
62326538346362373230303066353536666339613237373931653537636563316363353536643963
34643564323632393236653238643465316262633034616131653963323237323034396166393834
37363063303431303863366336646232353932393331393233353461623635336664613066393663
33303433613663333039376333386431326465326335346639376266396131633266666438303037
35313336663764333762396563646264383265636666633461636162383564393161303138653662
36373761653065636431393164613633653434633038356235633237356438643937663033643335
61613137666264343931373663353935303938656663643364326232333132336536633666373035
65666465646434396361653535343965326331663032306666343162623161663439613937396337
39643866373733343934393338373333376464626166323631316364643161333030323261386236
65323537653333613032353265626534643362626263653466626334373237363733373666616431
61666533316331613763633838653063323361366462396465626533333132383230626666663235
31353334613533396536356634613966363132623266343330383731343465396530646563323266
30346232666436323865386537616534393263383666613135313264306537333365366239656664
38303233313462366663326265306630393539636263363739343433623535663330376166613564
35393839646436343331333236626435643336363034646530386162643037626435613763393766
65346563373137663432363537646566303436613735643066393931363361373434343133336163
34316632613536396536333065636337626638633366643336646332363832343431613837306434
65386431303531623138393862353766366439366163383161313133623439613535356564353863
61393135313961613261646639363034656232396238303332653438316264653831643133306430
32393762643464343564353365636339363062313664656636306130303435633232383534393238
61396639636538393166306439383535303563616637663830613137323862653461333362373864
66346639353531323362303265373633646530313532656366316636666165373434303562306334
65636234346238346637303665353533376531343136613439633436386230376461633432343031
35643366643963336535313166333536383533383631376266373266616535333964663865663364
30626139306438633934343532333337643437346634313834343031336666356565386239316464
31306663376630363339303132336634626134373432336661363936653234343236343465363136
34376538336532653032343066663563396134386235376663636232636638326366303931343265
35316262393031343565643731383837376639353439393239323463306131393538366336343336
38353534326634336436663234396132323862653839636566393365326639333836313731623030
32343130623236636664383935323865316132353566306334666263656163663239303538383636
62306264396532383536643239376436373962393036663730643264353864376237303065363665
37666664366130373534643439386664323232623831636463333832316661366665653562353463
33373037323932396135663931653533373765663665663931323435633239666462353337383037
32333534396234343636386534373238626666663533363939653663343964623335643630653031
38633838623264323039323435326237366630666164643136393235613033666662616564383930
61663833613663333766626134303735336266393139343661393465393061363831646165373463
39633137626464313461626639643764666331366231336635356435356136633362643031333266
61336430336264623566343732353437616661333337333763646337353036353130386238376266
63303830346265646430653338653038383239356437303731623561316161633461306131626230
62336461656533643034366232363762356537343533376162323464373930343335663239313465
34323834643965393464363130373237653631356139313236663664666265363539633239383333
61393731656339323730666435643366336265316165656664333638346261663933663334333732
35643863643538373061333263613935376239643461646133663239376239336663646637336364
33663061303332373537643538653566363263313761393865653564353530386434333431306635
35343263656133343135353631613161326634356233613938663466383264326131336164323162
63643033336631633934373637646134643035666635653336393531316465333937326166303130
33306537333636616661653633303561353465623933393832383134323830303765633031323062
64656232623865343439613863346466663965613465663330393663376233303437313133346138
66623663643634653961363564663466393837366662363730386633336534366166396335376664
33396437663130623538333331383635386462313436663732336362386231363462666161326638
64316266383232363135316433363638336265356639663236376264353432653165323734303963
30623231343063393334613835376335613533633632613231366363663135373935336666313630
37623238633137643964353166333662343035666335643931323666353630326239323761306531
64333566306339383137656237313239306530306566393934356137306233626364323133316262
65653331303137383062656137313439663334363332366336383462653136386233323764633833
39343761366533376438306337643064336662656332343332333636646432353362333562656437
62626563343731383831633033326637653464616433303035363331316339303830383634616235
39363234666662373362656266336566666538646666663438376539623535616337396637393164
63633561653333376432373435623938376230346165326638653635656363376334656330623930
63633333643966393262373532653236616439333537326330346633623439356361626331383533
34356363356566373939353563386138373037316236366263383937656231366535333762666261
33383666383732323037613935356434323536316638393431376234366530303830623937636631
62366237346366346434613761656532656435666630616232356265653530643034373834316333
61336534373037333165373335346531323833386335616334396638316630333439316231643637
36336263623363376164663362326639373330663436623138363361353732636433306366373764
62656563363637323665313761336137383565303135656362323234623662353438333638633335
39636162643363633039333230333935393937373861393734656161353736323638646533633239
66333965323233363435646565386330336631363235663737386565636339343034643732626466
38653066306566313533303632373130306339353634636666393636303465316564363165626261
34643532623238663533306465396564343563666261653232356333623566636630
